---
ZFrivenZF0912: 995.400000
NightVision5418: 201.000000
xboxnhatcf: 2.100000
LightningNoobYT: 0.600000
ducdepzaigaming: 7.300000
CitricNgocpro: 98.700000
FireDragonVN874: 37.300000
TuiDepTraii: 1.900000
Manh zuli: 2.800000
PhamTrongTinh15: 15.300000
WilfredVN: 11.500000
lienquanshion: 349.800000
AverageGolf6263: 3.100000
FumingSeal44995: 79.200000
DweltThread3315: 1
MrDinoDuck: 1
GaudierSign5159: 225.300000
VinhDeillGamer: 1.500000
phuongaz: 1
Titanium142: 10.300000
DrawnProduct863: 133.500000
RepaidJoker537: 1
dhgamecuto12345: 7.200000
TandemTrout8202: 42.400000
SlippingBrush2: 3.700000
mion1kaneki094: 0
GVM4999: 1
HaiNamVN: 1.600000
MuratTN: 1
BigMasTerDung: 3.700000
Skeletonbin: 1
Wolfmcvnn: 2.200000
BlockyMoss53473: 2.500000
TertiaryPlot317: 0.600000
KHOAMATER: 1
lamdeptrai0912: 1
JackVnKiller: 1.300000
PinBoyalo60447: 30.400000
NoName0035660: 1
ZonalBugle88389: 7.000000
PHTM GLARE: 1.300000
PrimePopcorn804: 1
TypedChicken525: 1
NutGamerX5207: 1
ChikataKun: 1
bum123456789105: 31.900000
ElasGamerXx: 49.500000
KaitoYTNoob: 1
KaitoGamerX: 105.900000
SeoRosat: 2.500000
NguyenDe7: 4.000000
FolkKunAguero: 0
PhananhVN: 69.300000
godphatz113: 42.300000
MagnusNDQ: 0
Bossgay2007: 120.000000
MikuStarKNG1: 128.700000
NyToiTenOanh99: 1
ExponentShoe490: 1
heomcpez: 1.600000
TeenRug12983106: 1
kupin0932: 1
DarkGirlPolice: 2.200000
legendery12345: 85.900000
TheHotPotato09: 1
NoobYotuber1231: 1
GameFir58308948: 5.800000
PigBoyVN: 1
OpulentLion721: 1.900000
ItsKuro156: 2.800000
CorkEmpress9067: 3.100000
tuan09110: 1
JakayPluginVN: 1.600000
Hungfa69: 1
STARGAMER8496: 1.900000
GrayOnichan2409: 1
DriedToaster723: 1
Xanhhh: 1
hanhminh234: 1
LetTIHL: 2.800000
ItzlemonVnvip: 1
Dragon KIRITO S: 1.600000
MANHDUYGHOST: 1
JumboDuyKhang: 41.100000
TriNguyen1109: 3.100000
kevinnhock: 1
MarbleApollo636: 7.300000
Kafa pvp: 1
JackNeki303: 4.000000
TLMT300102: 4.000000
craftmo: 26.800000
enderman1012143: 35.800000
Doaniutrang: 1
DampEndymion404: 1
QuiKuda: 8.200000
CreakySkate133: 1
Worktuanhuyvn: 1
BluePhantomVN69: 8.500000
KIZUNARUKI: 87.400000
CurvingCake9980: 1
FunnyunVn: 2.800000
JuryPencil83988: 1
SmilyTeacher67: 62.500000
BoxyMacaroon726: 38.100000
NoCoDo: 1
LikeAK Gaming: 1
ABCXYZ8: 25.300000
FangedTuna10822: 1
Hanoru Yuu: 0
Fontadongvn: 2.200000
BarkingBlabla: 1
Phumilo: 53.200000
PatheticIce5720: 5.200000
atkhanh99: 1
Mimi 1338: 1
huymuder: 7.300000
TwinTapestry382: 22.600000
Thienkiv: 1
anhphong123: 1.900000
...
