---
version: 2
money:
  phamtrongtinh15: 8650.000000
  ichbinazad1: 1000
  ownsenpai: 1000
  mortada tuber56: 1000
  abgegrifthd47: 1000
  jackandroidpvp: 100.000000
  minh3827584: 1000
  vikeziceboy: 6000.000000
  itskuro156: 60711.000000
  piggameminer: 1000
  citricngocpro: 56573.000000
  mrenboyvnmc: 6000.000000
  lightningnoobyt: 907044.000000
  ducdepzaigaming: 43940.000000
  wilfredvn: 113000.000000
  ziodragon4837: 1000
  zfrivenzf0912: 51637.000000
  pigboyvn: 493496.000000
  echoicteacher24: 88815.000000
  jackvnkiller: 49142.000000
  frugalbog918143: 91000.000000
  xboxnhatcf: 214338.000000
  jackvn97: 28000.000000
  elsegymnast204: 1000
  phuongaz: 2000.000000
  tuideptraii: 1000
  bidiedyourmeil: 2680.000000
  ankhhoangtu: 3000.000000
  endergameryt72: 1000
  sixgecko3877778: 1000
  mrdinoduck: 1000
  nightvision5418: 90193.000000
  firedragonvn874: 1000
  manh zuli: 1000
  lienquanshion: 45658.000000
  averagegolf6263: 67062.000000
  tandemtrout8202: 5321854.000000
  zzzbaorzzz: 65000.000000
  mion1kaneki094: 18841.000000
  dhgamecuto12345: 407509.000000
  vinhdeillgamer: 25342.000000
  drawnproduct863: 115532.000000
  fumingseal44995: 372743.000000
  dweltthread3315: 1000
  gaudiersign5159: 1373448.000000
  titanium142: 260790.000000
  repaidjoker537: 44695.000000
  slippingbrush2: 6000.000000
  typedchicken525: 1000
  blockymoss53473: 1792.000000
  gvm4999: 1000
  hainamvn: 1000
  murattn: 1000
  bigmasterdung: 6000.000000
  skeletonbin: 1000
  wolfmcvnn: 6309.000000
  tertiaryplot317: 44458.000000
  khoamater: 1000
  lamdeptrai0912: 1000
  pinboyalo60447: 710950.000000
  noname0035660: 1000
  zonalbugle88389: 1980.000000
  phtm glare: 1000
  primepopcorn804: 1000
  bum123456789105: 61825.000000
  tlmt300102: 63989.000000
  zzquanminhmczz: 3000.000000
  bqnf: 1000
  jurypencil83988: 1000
  nutgamerx5207: 1000
  chikatakun: 1000
  kaitogamerx: 977324.000000
  elasgamerxx: 41932.000000
  kaitoytnoob: 1000
  seorosat: 21523.000000
  nguyende7: 7403.000000
  folkkunaguero: 3759816.000000
  phananhvn: 191482.000000
  magnusndq: 1765248.000000
  godphatz113: 345593.000000
  elasticnhan: 1000
  bossgay2007: 5747521.000000
  mikustarkng1: 1149917.000000
  nytoitenoanh99: 1000
  exponentshoe490: 1000
  heomcpez: 1000
  teenrug12983106: 1000
  kupin0932: 1000
  darkgirlpolice: 1000
  legendery12345: 102500.000000
  thehotpotato09: 1000
  noobyotuber1231: 1000
  gamefir58308948: 18142.000000
  opulentlion721: 1000
  corkempress9067: 1900.000000
  tuan09110: 1000
  jakaypluginvn: 1500.000000
  hungfa69: 1000
  stargamer8496: 1000
  grayonichan2409: 320.000000
  driedtoaster723: 50800.000000
  xanhhh: 1000
  hanhminh234: 11001.000000
  lettihl: 686.000000
  itzlemonvnvip: 1000
  dragon kirito s: 2000.000000
  manhduyghost: 1000
  jumboduykhang: 44900.000000
  tringuyen1109: 6515.000000
  kevinnhock: 1000
  bidownzz: 1000
  marbleapollo636: 6952.000000
  kafa pvp: 1000
  jackneki303: 15935.000000
  craftmo: 13642.000000
  enderman1012143: 555.000000
  doaniutrang: 1000
  dampendymion404: 1000
  tenelephant3007: 1000
  likeak gaming: 1000
  skeletonkg96: 1000
  zepvp: 1000
  lutunguoivn: 1000
  midlifechunk93: 1000
  barkingblabla: 1000
  quikuda: 38679.000000
  creakyskate133: 1000
  worktuanhuyvn: 1000
  bluephantomvn69: 1000
  kizunaruki: 215315.000000
  curvingcake9980: 1000
  funnyunvn: 1207.000000
  smilyteacher67: 2.500000
  boxymacaroon726: 31533.000000
  nocodo: 1000
  abcxyz8: 2000.000000
  fangedtuna10822: 1000
  hanoru yuu: 8679.000000
  fontadongvn: 1000
  phumilo: 6200.000000
  patheticice5720: 4856.000000
  atkhanh99: 1000
  mimi 1338: 1000
  huymuder: 17786.000000
  twintapestry382: 17315.000000
  thienkiv: 1000
  anhphong123: 1000
  thuan2k5dz: 1000
  minhnhatminer: 1000
  viyenls217: 1000
  balloonspace279: 1000
  chetmemayne999: 1000
...
